0.047619047619047616,0.9523809523809523 0.9533195106483163,0.5001497081142412,0.5001162289316705,0.5002423451224993,0.49999036645338113,0.4998412160740592,0.4999932445141859,0.49996807901388585,0.5000418729937399,0.5001514148591306 0.4903755074135912,0.02401185373472462 5,6,4,7,3,8,2,9,1,10,0,11,12,13,14,15,16,17,18,19,20,21,22,23,24,25,26,27,28,29 0.023350169906589266
0.23809523809523808,0.7619047619047619 0.7617654438703192,0.500075016661632,0.5000435152260991,0.5002260769628997,0.49993418931699524,0.4998413191757048,0.5000020378250212,0.49998882288914975,0.5000653425435841,0.5001493391335824 0.389521301881494,0.12181890791122667 25,26,24,27,23,22,28,29,21,30,20,31,19,32,18,33,17,34,16,15,35,36,14,37,13,12,38,39,11,40 0.09274831095760566
0.5333333333333333,0.4666666666666667 0.46783922928145893,0.500022638085258,0.500016991698679,0.5000713528825795,0.49999738114138625,0.49982687697068784,0.49996436697529606,0.5000195916931935,0.500014022955808,0.5002116287436403 0.2377312050821471,0.2704160177304241 56,55,57,54,58,53,59,52,60,51,61,50,62,49,63,48,64,47,65,46,66,45,67,44,68,43,69,42,70,41 0.12677827504369626
0.7619047619047619,0.23809523809523808 0.23815418771669605,0.49995491514196655,0.4999836947326275,0.5000814012722817,0.4999833105937696,0.4998010986003568,0.5000322910513485,0.5000348595282266,0.4999828181134618,0.5001511366847782 0.12082109118807467,0.3865018845128661 80,79,81,78,82,83,77,76,84,75,85,74,86,73,87,72,88,71,89,70,90,69,91,68,92,67,93,66,94,65 0.09203744900027282
0.2,0.8 0.8007755681097952,0.5000172296242046,0.5000696515219447,0.5002266845437214,0.4999898075149996,0.49983721470011033,0.49998487847061324,0.4999544576743353,0.5000628300909141,0.5001676566845032 0.40967849906405307,0.1019236468793926 21,20,22,19,23,24,18,17,25,16,26,15,27,14,28,13,29,12,30,11,31,10,32,9,33,8,34,7,35,6 0.0819313119377673
0.580952380952381,0.41904761904761906 0.4191930971980015,0.49998791204873966,0.49998267251512646,0.5001633037395083,0.49994902276128883,0.499834834694284,0.5000330515404756,0.5000168090658099,0.5000407960731578,0.5001622312507783 0.21317090215876947,0.2953558450220897 61,62,60,63,59,58,64,65,57,66,56,67,55,68,54,69,53,70,52,51,71,72,50,73,49,48,74,75,47,76 0.1238293974266355
0.9238095238095239,0.0761904761904762 0.07494350828481317,0.4999558448661007,0.5000757647648185,0.5001632004334555,0.5000402282023552,0.49981099896463177,0.5000376656064464,0.49994614357033185,0.5000551974556555,0.5001898398417022 0.038323301190295714,0.47303921795749937 97,98,96,99,95,100,94,101,93,102,92,103,91,104,90,89,88,87,86,85,84,83,82,81,80,79,78,77,76,75 0.03603447376595278
0.4,0.6 0.6011572891591577,0.49997269608730543,0.499964262766733,0.5002054910958591,0.49991919510578803,0.49989807637294353,0.500037407679661,0.5000909366926392,0.5000646539271001,0.5001390073066247 0.306178745143015,0.20313678785379696 42,43,41,44,40,45,39,46,38,47,37,48,36,49,35,50,34,51,33,32,52,53,31,54,30,29,55,56,28,57 0.12246272230711937
0.8571428571428571,0.14285714285714285 0.1428285201146458,0.4999436332855942,0.5001017278210351,0.5001314037303783,0.49993524519891963,0.4999062003680904,0.5000323787509371,0.5000510886025288,0.5000995386281832,0.5002110332995827 0.07285121818981807,0.43720950449597157 90,89,91,88,92,87,93,86,94,85,95,84,96,83,97,82,98,81,99,80,100,79,101,78,102,77,103,76,104,75 0.06244610781665747
0.3523809523809524,0.6476190476190476 0.6480683632219355,0.499984557167835,0.4999887822166966,0.5001976192762729,0.49995099981287644,0.4998545556464177,0.500014307910956,0.5000400227329669,0.5000592629661936,0.5001500127845455 0.32984449700582547,0.1791210932383444 37,36,38,35,39,40,34,41,33,32,42,43,31,44,30,29,45,28,46,47,27,26,48,25,49,50,24,23,51,22 0.11622318697459551
0.8095238095238095,0.19047619047619047 0.1904283782240882,0.4999673722247506,0.500004699173967,0.5000963723548795,0.4999559703310635,0.4998434190737153,0.500022772668184,0.5000605377021754,0.49997535809523014,0.5001838357687649 0.09663231708348943,0.4108147240805987 85,86,84,87,83,88,82,89,81,90,80,91,79,78,92,93,77,94,76,75,95,74,96,97,73,72,98,99,71,100 0.07823389986690085
0.5714285714285714,0.42857142857142855 0.4286230643725723,0.49998705720732695,0.500026634282278,0.5001435469529147,0.49997454173704614,0.4998690978041733,0.5000076022747868,0.49997963353804725,0.5000407134506315,0.5001959401122089 0.21768855072504048,0.2901902099377756 60,59,61,58,62,63,57,56,64,55,65,66,54,67,53,52,68,51,69,70,50,49,71,48,72,73,47,46,74,45 0.12438092077132794
0.2761904761904762,0.7238095238095238 0.7240136050948307,0.5000053390406269,0.5000100745388489,0.5001799186121674,0.49999848989622947,0.4998276473213984,0.5000134286835749,0.4999957265177217,0.5000769007848547,0.5001680740512576 0.36891083747083175,0.140624943175876 29,30,28,31,27,26,32,33,25,34,24,35,23,36,22,37,21,38,20,39,19,40,18,41,17,16,42,43,15,44 0.101883600426408
0.3142857142857143,0.6857142857142857 0.6866520440506383,0.499883166628002,0.5000123079439727,0.5001717149073382,0.49992899622223175,0.49985200078301695,0.500014159294858,0.49996559895966264,0.5000576984049557,0.5001739715374145 0.35045977613928664,0.1599294074010181 33,32,34,31,35,30,36,29,37,28,38,27,39,26,40,25,41,24,42,23,43,22,44,21,45,20,46,19,47,18 0.1101376058401363
0.38095238095238093,0.6190476190476191 0.6198042471312735,0.5000270613275603,0.5000037497502998,0.5001845100305597,0.499955993202828,0.49991190466876606,0.5000476706162966,0.5000367359555501,0.5000726096175243,0.5001693521826256 0.31492454314686813,0.19317869203500962 40,39,41,38,42,37,43,36,44,35,45,34,46,33,47,32,48,31,49,30,50,29,51,28,52,27,53,26,54,25 0.11996289667491486
0.5142857142857142,0.4857142857142857 0.48367116355563755,0.5000020716912396,0.49999860241389393,0.5001112837491686,0.49991089016610846,0.49991168515962325,0.5000370299129635,0.4999795892807175,0.5000047773397833,0.5001974745642572 0.24512803793848195,0.26167918235652005 54,53,55,52,56,51,57,50,58,49,59,48,60,47,61,46,62,45,63,44,64,43,65,42,66,41,67,40,68,39 0.12705918153747325
0.8857142857142857,0.11428571428571428 0.11437211143974609,0.5000141827683988,0.5000368134817728,0.5001638973208129,0.4999661870361128,0.49982861120879046,0.5000504610903074,0.4999846109205105,0.5000134467633932,0.5001995033966133 0.058334642095443374,0.4517078967814876 93,92,94,91,95,90,96,89,97,88,98,87,99,86,100,85,101,84,102,83,103,82,104,81,80,79,78,77,76,75 0.05164839383791515
0.6190476190476191,0.38095238095238093 0.37970819378430776,0.49995463155445474,0.49998104598865895,0.5001380388607701,0.49992222417778776,0.49989666503128716,0.5000430227057345,0.5000139962582435,0.5000463240006401,0.5001570440508802 0.19236829132717143,0.31425309445320954 65,66,64,67,63,68,62,69,61,70,60,71,59,72,58,73,57,74,56,55,75,76,54,77,53,52,78,79,51,80 0.11968241701860582
0.3047619047619048,0.6952380952380952 0.6951837143985026,0.5000011617251576,0.500097624945549,0.5001635345561329,0.4999222095743896,0.4998667150144258,0.4999801623483406,0.4999551303536907,0.5000557109285317,0.5002044018085116 0.3549632319800229,0.1556402597705708 32,33,31,34,30,35,29,36,28,37,27,38,26,39,25,40,24,41,23,42,22,43,21,44,20,45,19,46,18,47 0.10817258441289335
0.5238095238095238,0.47619047619047616 0.4748712553953278,0.49994755535225915,0.49995912147027205,0.5001583516869748,0.4999204995519452,0.49989729358472423,0.5000485935873318,0.5000024409223647,0.5000037574905793,0.5001639515421921 0.24098188920380442,0.26648594858559443 55,56,54,57,53,58,52,59,51,60,50,61,49,62,48,63,47,64,46,65,45,66,44,67,43,68,42,69,41,70 0.1268567613362977
0.29523809523809524,0.7047619047619048 0.70456216928884,0.4999725237777791,0.5000450707998638,0.5001939700891238,0.49998827980117266,0.4998288949933044,0.5000046712103746,0.49994318925704473,0.5000736613780616,0.500172340564613 0.3598088884300282,0.15087548282028532 31,30,32,29,33,28,34,27,35,26,36,25,37,24,38,23,39,22,40,21,41,20,42,19,43,18,44,17,45,16 0.1062701547145504
0.06666666666666667,0.9333333333333333 0.9336852081132824,0.5001172282314733,0.5000934092617233,0.5002339534497908,0.49999599022067687,0.4998249440920498,0.499994951934522,0.4999840592113357,0.5000431207388665,0.5001491833988788 0.479036282347272,0.0340234493317495 7,6,8,5,9,4,10,3,11,2,12,1,13,0,14,15,16,17,18,19,20,21,22,23,24,25,26,27,28,29 0.03193428953147036
0.45714285714285713,0.5428571428571428 0.5423145672368486,0.5000249495807059,0.5000760057328889,0.5001249479056564,0.49997734166516905,0.4998327184131338,0.4999834362149596,0.4999934788271204,0.5000568332519553,0.500172279018634 0.27564136786935517,0.23262705146110424 48,49,47,50,46,45,51,52,44,53,43,54,42,55,41,56,40,57,39,38,58,59,37,60,36,35,61,62,34,63 0.1262361637700847
0.17142857142857143,0.8285714285714286 0.8292005660273165,0.49996607252356406,0.5000100373479651,0.5002312316949132,0.5000079229334288,0.4998043584855843,0.4999832848707295,0.4999958254673676,0.50007015006636,0.5001466062178059 0.42440691567316624,0.08741969547652384 18,17,19,16,20,15,21,14,22,13,23,12,24,11,25,10,26,9,27,8,28,7,29,6,30,5,31,4,32,3 0.07275171022250565
0.6476190476190476,0.3523809523809524 0.35124575534452995,0.4999666752415621,0.5000123777991445,0.5000781834055765,0.4999627212604557,0.49985635348263924,0.499999733477326,0.5000336693544642,0.5000022026236417,0.5002015477395785 0.17809099208346205,0.32893575307613754 68,69,67,70,66,65,71,64,72,73,63,62,74,61,75,76,60,77,59,58,78,79,57,80,56,55,81,82,54,83 0.11588012497124217
0.1523809523809524,0.8476190476190476 0.848398093201207,0.5000491959593816,0.5001048872846978,0.5002071648688697,0.4999484481520002,0.49985134425464883,0.49999759009644934,0.4999927391096076,0.5000298105953491,0.5001688163329254 0.4334596464035546,0.077455748005229 16,17,15,18,14,19,13,20,12,21,11,22,10,23,9,24,8,25,7,26,6,27,5,4,28,3,29,30,2,31 0.06604765059479437
0.13333333333333333,0.8666666666666667 0.8689284580680694,0.5001010221923401,0.5000419763104411,0.5001994560951007,0.5000600531054364,0.49980321309772546,0.499959011752121,0.4999651939156793,0.5000558629584009,0.5001728317695064 0.44561550465009653,0.06721785983753344 14,13,15,12,16,11,17,10,18,9,19,8,20,7,21,6,22,5,23,4,24,3,25,2,26,27,1,0,28,29 0.05941247536998399
111111111 2.1939375216590618E-5,8.674977936922677E-5#0,1,2,3,4,5,6,7,8,9,10,11,12,13,14,15,16,17,18,19,20,21,22,23,24,25,26,27,28,29,30,31,32,33,34,35,36,37,38,39,40,41,42,43,44,45,46,47,48,49,50,51,52,53,54,55,56,57,58,59,60,61,62,63,64,65,66,67,68,69,70,71,72,73,74,75,76,77,78,79,80,81,82,83,84,85,86,87,88,89,90,91,92,93,94,95,96,97,98,99,100,101,102,103,104
0.22857142857142856,0.7714285714285715 0.7721885101855179,0.5000639960928467,0.5000703688660167,0.5002039771731142,0.4998881174121064,0.49989304105343946,0.5000416206369392,0.49995453253377065,0.5001004078443826,0.5001588718406496 0.3947664247448968,0.11646421328940178 24,23,25,22,26,21,27,20,28,19,29,18,30,17,31,16,32,15,33,14,34,13,35,12,36,11,37,10,38,9 0.09022731094164119
0.780952380952381,0.21904761904761905 0.21909560419989563,0.499964042913358,0.5000387195357194,0.5001391378193254,0.49993988771321285,0.49985474223234017,0.500031319972887,0.5000269966674384,0.5000312478281834,0.5001927611662672 0.11142369449001845,0.3971382864630961 82,81,83,80,84,79,85,78,86,77,87,88,76,75,89,74,90,91,73,72,92,71,93,70,94,69,95,96,68,67 0.08699946589917859
0.09523809523809523,0.9047619047619048 0.9062817316208573,0.5001288827060019,0.4999713760258668,0.5002325315664766,0.49988522472409586,0.4998323834701258,0.5000525927408968,0.5000204976791993,0.5001093018179025,0.5001100690018061 0.4656711796464768,0.04815488944314067 10,9,11,8,12,7,13,6,14,5,15,4,16,3,17,2,18,1,19,0,20,21,22,23,24,25,26,27,28,29 0.04434754669250097
0.3904761904761905,0.6095238095238096 0.6110945263792557,0.4999916723025343,0.49997172294185577,0.5002098754645166,0.4999125786304257,0.4999439569069777,0.5000560111548331,0.500077939481884,0.5000611676561837,0.5001595078009692 0.3112252605407371,0.19806626001133118 41,40,42,39,43,38,44,37,45,36,46,35,47,34,48,33,49,32,50,31,51,30,52,29,53,28,54,27,55,26 0.12151748731225087
0.6,0.4 0.39991823819679484,0.4999184261788829,0.5000015543270402,0.5001777434504491,0.49991647942042494,0.49991598523406566,0.5000533363872326,0.5000255131824263,0.5000796011507843,0.5001567811753586 0.2033827498499356,0.30517807690049 63,62,64,61,65,60,66,59,67,58,68,57,69,56,70,55,71,54,72,53,73,52,74,51,75,50,76,49,77,48 0.1220365308484483
0.6095238095238096,0.3904761904761905 0.38906084861595613,0.499952937751566,0.49999193381807017,0.500167100179846,0.4999186110827948,0.4999167548536439,0.5000510443052907,0.4999880714854993,0.5000659357978429,0.5001489056550777 0.1973358792500443,0.30987495923973524 64,65,63,66,62,67,61,68,60,69,59,70,58,71,57,72,56,73,55,74,54,75,53,76,52,77,51,78,50,79 0.12096491988452387
0.9523809523809523,0.047619047619047616 0.04669836169483895,0.49993524716610765,0.5001455727114024,0.5000819650388587,0.5000042100911446,0.4999052472508009,0.5000277695442825,0.5000953015710107,0.5001294673197693,0.5002363888057084 0.023919098299459676,0.48828512967248616 100,99,101,98,102,97,103,96,104,95,94,93,92,91,90,89,88,87,86,85,84,83,82,81,80,79,78,77,76,75 0.023247541899672233
0.8380952380952381,0.1619047619047619 0.16197503929515625,0.49996706585198897,0.5000472642656406,0.5000933458544343,0.4999593331791787,0.4998675830993895,0.500027171550791,0.5000537603855433,0.5000604389856492,0.5001949533274591 0.08221121197594895,0.4253436084068446 88,87,89,90,86,85,91,84,92,93,83,82,94,81,95,96,80,79,97,78,98,99,77,100,76,75,101,74,102,103 0.06888243798918522
0.638095238095238,0.3619047619047619 0.3622957302470632,0.4999067943941301,0.4999532037801119,0.5001088110910292,0.4999225418731933,0.49986334534360544,0.5000337559042444,0.5000660381458112,0.49998687980682904,0.5001655018743987 0.18402614074451815,0.3239184067085356 67,66,68,65,69,64,70,63,71,62,72,61,73,60,74,59,75,58,76,57,77,56,78,55,79,54,80,53,81,52 0.11741220468326861
0.41904761904761906,0.580952380952381 0.5816731654181011,0.5000177990492345,0.5000275944249337,0.5001696038694152,0.49994165191011625,0.49991127792707285,0.5000290254224824,0.5000292105491246,0.5000572573186113,0.5001761436569738 0.29526619193239223,0.21234909700767382 44,43,45,42,46,41,47,40,48,39,49,38,50,37,51,36,52,35,53,34,54,33,55,32,56,31,57,30,58,29 0.12372140107157836
0.8285714285714286,0.17142857142857143 0.1720503027780792,0.499979812766809,0.5000028839372728,0.5000834239401393,0.49992677410699593,0.4998302441093939,0.5000201489501971,0.5000414758997173,0.4999951721797143,0.5001799602464191 0.0873178504747591,0.42019564450227037 87,88,86,89,85,90,84,91,83,92,82,93,81,94,80,95,79,96,78,97,77,98,76,99,75,100,74,101,73,102 0.07233089776819236
0.11428571428571428,0.8857142857142857 0.885728231891328,0.5000588841677652,0.5000694230917264,0.5001793101149752,0.5000324315808029,0.49980939653801315,0.4999532204649709,0.4998781667055222,0.50005854773212,0.5002021813530995 0.45503499272169,0.05870610340441754 12,13,11,14,10,9,15,16,8,17,7,18,6,5,19,20,4,21,3,2,22,23,1,24,0,25,26,27,28,29 0.05200149181102553
0.05714285714285714,0.9428571428571428 0.9455322416281731,0.5000489163389676,0.5000890693346396,0.5001787153479716,0.4999409614769725,0.4998483302726088,0.500004123766314,0.49999878539978526,0.5000466186711952,0.5001737573313408 0.48220904943170495,0.027777842819962775 6,5,7,8,4,3,9,2,10,11,1,0,12,13,14,15,16,17,18,19,20,21,22,23,24,25,26,27,28,29 0.027553549146085047
0.6857142857142857,0.3142857142857143 0.31470156192990717,0.49993114662086313,0.4999934987787808,0.5001340458823236,0.49993756176218557,0.4998296393443029,0.500015648982792,0.5000648361925826,0.49998535622335505,0.5001985280353968 0.16045050864845986,0.3493992285581088 72,73,71,70,74,69,75,76,68,77,67,66,78,65,79,64,80,81,63,62,82,61,83,60,84,59,85,86,58,57 0.11000816178736682
0.0761904761904762,0.9238095238095239 0.9259272897877928,0.500139654531914,0.5000005119315989,0.5002786131221091,0.49994096699976,0.4998396020338951,0.5000346351051151,0.49997960478568815,0.500089534233687,0.5000968515271502 0.4762533366857217,0.038099509308126334 8,7,9,6,10,5,11,4,12,3,13,2,14,1,15,0,16,17,18,19,20,21,22,23,24,25,26,27,28,29 0.036284296937943245
0.44761904761904764,0.5523809523809524 0.5542507211042232,0.49996648378817465,0.4999684967372494,0.5001503704555199,0.4999306835689997,0.49985078170342556,0.5000205245062301,0.4999877965587971,0.500008778620854,0.5001572054778927 0.2813482338825989,0.22627083303006856 47,46,48,45,49,50,44,43,51,42,52,53,41,54,40,39,55,38,56,37,57,36,58,35,59,34,60,33,61,32 0.12592700801759016
0.6666666666666666,0.3333333333333333 0.3322322865109728,0.49994749221416757,0.5000298860523754,0.5000775405265464,0.4999530148214494,0.49986733583211557,0.4999972835986358,0.5000494993377933,0.5000150530303538,0.5002045123680996 0.16854314238487517,0.3387619848647265 70,69,71,68,72,73,67,66,74,65,75,64,76,77,63,62,78,61,79,60,80,59,81,58,82,83,57,56,84,55 0.11289174502845241
0.8,0.2 0.19901386806705215,0.4999701626098196,0.4999988215783074,0.5001335975684564,0.4999216204050213,0.49982401080483124,0.5000519576081823,0.500015353244754,0.49999754428131515,0.5001600656226017 0.10116588716613951,0.4071699798200471 84,85,83,86,82,81,87,88,80,89,79,90,78,91,77,92,76,93,75,74,94,95,73,96,72,71,97,98,70,99 0.08141664600813558
0.7428571428571429,0.2571428571428571 0.2574147882755359,0.4999321673094677,0.499996230362029,0.5000306398393675,0.49996561086262825,0.49984004049796565,0.5000120958868045,0.5000946669640727,0.4999681395202459,0.5001686840454627 0.13050960392664404,0.37649158586881953 78,79,77,80,76,81,75,82,74,83,73,84,72,85,71,86,70,87,69,88,68,89,67,90,66,91,65,92,64,93 0.09693369366677469
0.2857142857142857,0.7142857142857143 0.7146447679965432,0.5000398399883954,0.5000527140403443,0.5001929145701622,0.49999460764511494,0.4998585335653324,0.5000121042741867,0.49997499505177573,0.5000734408348895,0.5001734266243927 0.36422855984318653,0.14543522859295624 30,29,31,28,32,27,33,26,34,25,35,24,36,23,37,22,38,21,39,20,40,19,41,18,42,17,43,16,44,15 0.10405903441941997
0.3619047619047619,0.638095238095238 0.6385619771326703,0.5000886258248506,0.5000057547824748,0.500197557103347,0.5000302564720542,0.49987107303364803,0.5000127672393329,0.5000578366021226,0.5000484481683596,0.5001594256479844 0.3253169788431009,0.1841354948288661 38,39,37,40,36,41,35,42,34,43,33,44,32,45,31,46,30,47,29,28,48,49,27,50,26,25,51,52,24,53 0.11772582380742479
0.7904761904761904,0.20952380952380953 0.20766571394742145,0.4999500564740068,0.5000266492527241,0.5000796111718752,0.4999296887352258,0.4998811129984609,0.5000118650933001,0.500080812153883,0.5000406708214467,0.5001861351395004 0.10530092555177248,0.4017684579788832 83,82,84,81,85,80,86,79,87,78,88,77,89,76,90,75,91,74,92,93,73,72,94,71,95,70,96,69,97,68 0.08416188171799341
0.4666666666666667,0.5333333333333333 0.5341386173433681,0.5000912105486623,0.49999092519863453,0.5000934755234795,0.4999850929717059,0.49990340952254786,0.5000276576491378,0.5000615207451279,0.5000914500342553,0.5001596570789024 0.27050264474041863,0.2359251550052932 49,50,48,47,51,46,52,53,45,54,44,43,55,42,56,57,41,58,40,39,59,38,60,37,61,36,62,63,35,34 0.1262243291704276
0.6761904761904762,0.3238095238095238 0.32407076001373714,0.4998989337255597,0.4999664513355836,0.5000777929256608,0.4999145609805845,0.49984950036240966,0.5000252564041312,0.5001082393670297,0.49998793029445965,0.5001626332144555 0.1647967205485399,0.3437240745443413 71,72,70,73,69,68,74,75,67,76,66,77,65,64,78,79,63,80,62,61,81,82,60,83,59,58,84,85,57,86 0.111419137745771
0.42857142857142855,0.5714285714285714 0.5713752340588236,0.5000784192190845,0.5000085931649765,0.5001678089621511,0.5000291436004098,0.4998230191419757,0.5000085778583201,0.4999984264423826,0.5000413750110035,0.5001520540261643 0.29084802333253584,0.2181835307067713 45,46,44,47,43,42,48,49,41,50,40,39,51,38,52,53,37,54,36,35,55,56,34,57,33,32,58,59,31,60 0.12463975026742252
0.8761904761904762,0.12380952380952381 0.12222315683810481,0.49996795751756085,0.500017557100413,0.5001491509146437,0.4999727430490981,0.4997923515387357,0.5000558613031372,0.4999764261640589,0.5000054757936675,0.5001616206832085 0.06228551387415197,0.44731933912972305 92,91,93,90,94,89,95,88,96,87,97,86,98,85,99,84,100,83,101,82,102,81,103,80,104,79,78,77,76,75 0.055371653919567616
0.10476190476190476,0.8952380952380953 0.896796428540552,0.5000918824862821,0.5001161398545694,0.5001945377044621,0.4999783828022833,0.4998479920718164,0.49998137737597587,0.49997654626927623,0.5000255667756685,0.5001788166225285 0.458748033695592,0.052792845701262116 11,10,12,9,13,8,14,7,15,6,16,5,17,4,18,3,19,2,20,1,21,0,22,23,24,25,26,27,28,29 0.048057019404991706
0.7142857142857143,0.2857142857142857 0.286176823319529,0.4999588495728716,0.4999872594065075,0.50008553698733,0.4999262927679661,0.4998747130830284,0.5000110152014128,0.5000498595403063,0.5000155550588363,0.5001656152202214 0.14480030708633007,0.36118164283787524 75,76,74,77,73,72,78,79,71,80,70,81,69,82,68,83,67,84,66,65,85,64,86,87,63,88,62,89,61,90 0.1034131197936525
0.49523809523809526,0.5047619047619047 0.5033820621176455,0.5000237522934662,0.5000299352675723,0.5001208025276306,0.49994937040516335,0.49989767033126176,0.5000186306998847,0.4999866486562173,0.5000269304573488,0.5001960043322901 0.25510868340112086,0.25168069707048485 52,53,51,54,50,49,55,56,48,57,47,58,46,59,45,60,44,61,43,42,62,63,41,64,40,39,65,66,38,67 0.12699504006122977
0.5619047619047619,0.4380952380952381 0.4378984068612982,0.4999845244429622,0.500004448173949,0.5002214263776601,0.49994179657130294,0.4998750143389975,0.5000490947395879,0.49996495952032155,0.5000800196675633,0.5001459544591733 0.2232577498599395,0.2865813963022321 59,58,60,57,61,56,62,55,63,54,64,53,65,52,66,51,67,68,50,49,69,48,70,47,71,46,72,73,45,44 0.1255119403814447
0.47619047619047616,0.5238095238095238 0.5232617736067786,0.5000261876483109,0.500036866363758,0.5001711094760986,0.4999702046290943,0.49989323779200023,0.5000165243535096,0.49994177891628444,0.5001221300535434,0.5001899519970905 0.26670843540783606,0.2429952136270396 50,49,51,48,52,47,53,46,54,45,55,44,56,43,57,42,58,41,59,40,60,39,61,38,62,37,63,36,64,35 0.12723776677735116
0.9714285714285714,0.02857142857142857 0.027551769779962716,0.49998037795545325,0.5001642195860223,0.5001133319385472,0.500026509351355,0.4998877524750885,0.5000218870033789,0.5000500501883862,0.5001215147202198,0.5002526958734773 0.0141434494185198,0.49919741875343177 102,103,101,100,104,99,98,97,96,95,94,93,92,91,90,89,88,87,86,85,84,83,82,81,80,79,78,77,76,75 0.014260304827830358
0.2571428571428571,0.7428571428571429 0.743275732210156,0.5000197450187506,0.5000566599775744,0.5002067691052572,0.4999364356918853,0.4999131095126644,0.5000051441871793,0.49998596356218705,0.5000640357383441,0.500180188890236 0.3785910052727166,0.13076371850786914 27,26,28,25,29,24,30,23,31,22,32,21,33,20,34,19,35,18,36,17,37,16,38,15,39,14,40,13,41,12 0.0973463312307857
0.7333333333333333,0.26666666666666666 0.2667402761911139,0.4999305846211911,0.4999588658217942,0.5000520018096999,0.49997122871521227,0.4998047533874009,0.5000331770144943,0.5000660209967362,0.49997263224780697,0.50013463099159 0.1352796791447221,0.3718791237043722 77,76,78,75,79,74,80,73,81,72,82,71,83,70,84,69,85,68,86,67,87,66,88,65,89,64,90,63,91,62 0.09918900916430405
0.08571428571428572,0.9142857142857143 0.9153703126437704,0.5001515466398914,0.5001168042355465,0.5002326571684625,0.49993898797851377,0.4998508951497111,0.5000035359330435,0.49998452229434714,0.5000453180395699,0.5001535111528246 0.47057136625685714,0.04350622590117778 9,10,8,11,7,6,12,5,13,14,4,3,15,2,16,17,1,18,0,19,20,21,22,23,24,25,26,27,28,29 0.040332808018426335
0.19047619047619047,0.8095238095238095 0.8095267163865346,0.4999888206045568,0.49999336687133156,0.500234849376159,0.4999964201517165,0.4998022732821451,0.49997938690202753,0.5000353828392599,0.5000673258757466,0.5001384607474137 0.4143407767287471,0.09749010956766851 20,19,21,18,22,17,23,16,24,15,25,14,26,13,27,12,28,11,29,10,30,9,31,8,32,7,33,6,34,5 0.07891787378162485
0.24761904761904763,0.7523809523809524 0.7527845036423706,0.4999465913849568,0.5000514832277593,0.5001835289318788,0.4999002074835506,0.49986041481081545,0.5000150706257457,0.4999687009194308,0.5001069707467626,0.5001741447496277 0.38468823773991273,0.12633216169523379 26,27,25,28,24,23,29,30,22,31,21,20,32,33,19,34,18,35,17,16,36,15,37,14,38,13,39,40,12,41 0.09525070245221047
0.6952380952380952,0.3047619047619048 0.30449398013227236,0.4999789580961909,0.5000397506195117,0.5000819165744217,0.49997652670624726,0.4998357307243525,0.4999875911942257,0.5000433950904417,0.49999772274782456,0.5002211062066466 0.15486881653004655,0.3537416212289248 73,72,74,71,75,70,76,69,77,68,78,67,79,66,80,65,81,64,82,63,83,62,84,61,85,60,86,59,87,58 0.10778053225129312
0.01904761904761905,0.9809523809523809 0.9818538999672849,0.5001249198067537,0.5001115120203041,0.5002456057579978,0.4999942360176604,0.49983843658515614,0.4999891683530167,0.4999672019493986,0.5000447727280388,0.5001483023728834 0.5044702433293794,0.00932334993962754 2,3,1,4,0,5,6,7,8,9,10,11,12,13,14,15,16,17,18,19,20,21,22,23,24,25,26,27,28,29 0.009608539122936436
0.8476190476190476,0.1523809523809524 0.15137079442023627,0.49991657146569535,0.5000922493466267,0.5000832802238722,0.4999303611650056,0.4999388807923879,0.500028517088733,0.5001095380402873,0.5001129642618046,0.5002120495088466 0.07720296146847093,0.43282251447730313 89,88,90,87,91,86,92,85,93,84,94,83,95,82,96,81,97,80,98,79,99,78,100,77,101,76,102,75,103,74 0.06594068795397089
0.3333333333333333,0.6666666666666666 0.6670752427556721,0.5000447299567548,0.5000896402648627,0.5001753817730581,0.49990876301837106,0.4998760597527876,0.5000042427004592,0.49996039999752495,0.5000667056858252,0.5001800904740723 0.3403189057601225,0.16984679062260208 35,36,34,37,33,32,38,39,31,40,30,41,29,28,42,43,27,44,26,25,45,46,24,47,23,22,48,49,21,50 0.11343232212830197
0.819047619047619,0.18095238095238095 0.18039247612022263,0.49995845513234455,0.500010478055209,0.5000650458496085,0.4999941204091282,0.49980519036411936,0.5000234805887838,0.5000382202438733,0.49996543936864274,0.5001696194971216 0.09155054013343786,0.41595699068189373 86,85,87,84,88,89,83,82,90,81,91,80,92,93,79,78,94,77,95,96,76,75,97,74,98,99,73,72,100,71 0.07525271025855206
0.9047619047619048,0.09523809523809523 0.09488599170645412,0.4999855556179831,0.5000382238453076,0.5001067936061945,0.5000283581940281,0.4997737032019146,0.5000345405555547,0.49997758941730164,0.4999677356145236,0.5001767448161614 0.04837117610993003,0.46141088170503647 95,96,94,97,93,98,92,99,91,100,90,101,89,102,88,103,87,86,104,85,84,83,82,81,80,79,78,77,76,75 0.043935631611968305
0.009523809523809525,0.9904761904761905 0.9961160133568614,0.5001840084064957,0.5001242029922246,0.5002138952131848,0.4999085917227225,0.49985798436855855,0.5000098357769698,0.4999535179397785,0.5000580195499635,0.500163381997976 0.513390389912725,0.002001776289507743 1,0,2,3,4,5,6,7,8,9,10,11,12,13,14,15,16,17,18,19,20,21,22,23,24,25,26,27,28,29 0.004889223338452462
0.5047619047619047,0.49523809523809526 0.4947441582934363,0.5000034706296517,0.5000291338992544,0.5002121268540309,0.4999431965353644,0.49985682464347775,0.5000370117096743,0.4999718821648581,0.5000880795682252,0.5001341239123859 0.2521349183091895,0.2574919546566283 53,52,54,51,55,50,56,49,57,48,58,47,59,46,60,45,61,44,62,43,63,42,64,41,65,40,66,39,67,38 0.12747686336778544
0.18095238095238095,0.819047619047619 0.8196218816870238,0.5000310981379825,0.5000326180361134,0.5002198137806009,0.5000343514744339,0.49981063180480334,0.4999777397559321,0.4999492205953107,0.5000629702996064,0.5001612587452456 0.41955801466991155,0.09233414443928319 19,20,18,21,17,16,22,15,23,24,14,13,25,12,26,27,11,10,28,9,29,30,8,31,7,6,32,5,33,34 0.07591605171999241
0.21904761904761905,0.780952380952381 0.7814718722495337,0.5000436698713278,0.5000359401198398,0.5001981448994068,0.4998706353582545,0.49986339126062573,0.5000338289822266,0.499983632313281,0.5001061452628839,0.500153697138946 0.3995452186338113,0.11172746157627247 23,22,24,21,25,20,26,27,19,18,28,17,29,16,30,15,31,14,32,13,33,12,34,11,35,10,36,9,37,8 0.08751462307569217
0.34285714285714286,0.6571428571428571 0.6585565013063132,0.4999021495194411,0.49998095743844134,0.5001787600795353,0.49995439238689465,0.49984907120081806,0.5000137779374632,0.5000012598664307,0.5000338445146713,0.5001619055548734 0.33541066771945716,0.17390123954155434 36,35,37,34,38,33,39,32,40,41,31,30,42,29,43,28,44,45,27,26,46,25,47,24,48,23,49,22,50,21 0.11499042114659676
0.12380952380952381,0.8761904761904762 0.8795443121288444,0.49997931506606735,0.5000398221828903,0.5002042710736454,0.5000025346252075,0.49981617210211043,0.49998212004048337,0.4999766435351586,0.5000726166550681,0.5001745257282049 0.449685026298364,0.06158543511812646 13,14,12,15,11,10,16,9,17,18,8,7,19,20,6,5,21,4,22,3,23,2,24,1,25,0,26,27,28,29 0.05567257266667539
0.37142857142857144,0.6285714285714286 0.6323965519566784,0.4999718070038037,0.5000227720984196,0.5001348865048423,0.49992659764775615,0.49988912182068357,0.5000219092099203,0.49997963136702495,0.500035422934511,0.5001850200448928 0.32079255154223085,0.1864723134379412 39,40,38,41,37,36,42,43,35,44,34,45,33,32,46,47,31,48,30,29,49,50,28,51,27,26,52,53,25,54 0.11914337023346244
0.26666666666666666,0.7333333333333333 0.7332114921245748,0.49999918754535755,0.4999838565479904,0.5001812500227475,0.49995964353741107,0.49979923397970494,0.49999652096476144,0.5000331946107964,0.5000849156718921,0.5001630772209856 0.3745674880623341,0.136291236992529 28,29,27,30,26,31,25,32,24,33,23,34,22,35,21,36,20,37,19,38,18,39,17,40,16,41,15,42,14,43 0.09988329062298383
0.7238095238095238,0.2761904761904762 0.27626778114873135,0.4999153818718072,0.4999890617140529,0.5000803388941617,0.4999157239560982,0.4998620518064283,0.5000330918991787,0.5000893196044577,0.5000108760968738,0.5001597497798907 0.1401683858053174,0.3671958288073755 76,75,77,74,78,73,79,72,80,71,81,70,82,69,83,68,84,67,85,66,86,65,87,64,88,63,89,62,90,61 0.10143933265416821
0.6571428571428571,0.34285714285714286 0.34335384174155953,0.4999296063079739,0.49995319777657005,0.5001097892284367,0.4999245946437324,0.499824677700267,0.5000323313556911,0.5000567544326926,0.49995930023547047,0.5001569947539986 0.17459927659186458,0.33391193069873115 69,68,70,67,71,66,72,65,73,64,74,63,75,62,76,61,77,60,78,59,79,58,80,57,81,56,82,55,83,54 0.11472225017094012
0.0,1.0 0.999641358644872,0.5003830519807917,0.49999814811172455,0.5003806402354649,0.5000424245426035,0.49983401131403116,0.5000171009234553,0.5000236471885077,0.5000683646331003,0.5000161316716594 0.5320736539257365,1.908920780653801E-4 0,1,2,3,4,5,6,7,8,9,10,11,12,13,14,15,16,17,18,19,20,21,22,23,24,25,26,27,28,29 1.0414229869615334E-4
0.9142857142857143,0.08571428571428572 0.08568369133671634,0.49995430904679294,0.5000513360010744,0.5000778216510764,0.49996222632421256,0.49985985273342914,0.5000217504284079,0.5001058985582089,0.5000035741246022,0.5002066923719972 0.04357175851720894,0.4649469319997809 96,95,97,94,98,93,99,92,100,91,101,90,102,103,89,88,104,87,86,85,84,83,82,81,80,79,78,77,76,75 0.039845158476035286
0.3238095238095238,0.6761904761904762 0.6759737219800858,0.49991089063815786,0.49993305678141076,0.5002080420316566,0.49992269523235605,0.49993192742209236,0.5000609694520326,0.5000805389629528,0.5000566640157489,0.5001564483326403 0.34494238800612403,0.16534725312919524 34,33,35,32,36,31,37,30,38,29,39,28,40,41,27,26,42,25,43,44,24,23,45,22,46,21,47,20,48,19 0.11174757845559664
0.7714285714285715,0.22857142857142856 0.22852493074270785,0.49996025505061814,0.5000382937206074,0.5001320937410808,0.49993798291420155,0.4998743174968229,0.5000298582165367,0.500023997731722,0.5000393344309508,0.5001867297204886 0.11602303773913751,0.3916810335937438 81,82,80,83,79,78,84,85,77,86,76,75,87,88,74,89,73,90,72,91,71,92,70,93,69,94,68,95,67,96 0.08950726487185703
0.9809523809523809,0.01904761904761905 0.019035556967964135,0.49993412869470283,0.5001315673748223,0.5000949923334745,0.4999504949004997,0.4999071848162505,0.5000278137369847,0.5001147194437889,0.5000957664896949,0.5002324429269531 0.009741220223491488,0.5019969043759338 103,102,104,101,100,99,98,97,96,95,94,93,92,91,90,89,88,87,86,85,84,83,82,81,80,79,78,77,76,75 0.009560193420886947
0.20952380952380953,0.7904761904761904 0.7904990535654065,0.5000023485166885,0.5000842172504837,0.5001851982623581,0.49993889095766986,0.4998538284531449,0.4999834035198521,0.49994695076678275,0.5000818746581959,0.5001927282093919 0.40410396589712655,0.10709710901180207 22,23,21,24,20,25,19,26,18,27,17,16,28,15,29,30,14,31,13,12,32,33,11,34,10,35,9,36,8,37 0.0846648055569716
0.5428571428571428,0.45714285714285713 0.45722890974746927,0.49998303689775425,0.5000293067885725,0.5002271493863928,0.4999500431123109,0.499872832907196,0.5000381636739563,0.4999530597104709,0.5000627617391643,0.5001531739668323 0.23324095789978386,0.27687761274922534 57,56,58,55,59,54,60,53,61,52,62,51,63,50,64,49,65,48,66,47,67,46,68,45,69,44,70,43,71,42 0.12660461005619367
0.7523809523809524,0.24761904761904763 0.24746330249766774,0.4998884409795651,0.500023519788638,0.5000048581154877,0.4999325066710693,0.49990051714539235,0.5000105921313074,0.5001712335245447,0.5000111618494509,0.500189974893638 0.12600717624410243,0.3831882275685094 79,78,80,77,81,76,82,75,83,74,84,73,85,72,86,71,87,70,88,69,89,68,90,67,91,66,92,65,93,64 0.09486322307159661
0.9428571428571428,0.05714285714285714 0.05733490042646963,0.5000333973324129,0.500090571008381,0.5001822704327303,0.5001073262071241,0.4998077638893954,0.5000291224761728,0.49989269516183693,0.5000518278542223,0.5002249801436156 0.029554494750024154,0.48591678941008265 99,98,100,97,101,96,102,95,103,94,104,93,92,91,90,89,88,87,86,85,84,83,82,81,80,79,78,77,76,75 0.027844980781961418
0.4380952380952381,0.5619047619047619 0.5611328967499225,0.5000164680777713,0.5001005559660443,0.5001421078889918,0.4999289495918756,0.4998349105390282,0.49998328717155305,0.49996999727104824,0.5000737892897736,0.5001652699852517 0.28593109339006856,0.22362928891184117 46,45,47,44,48,43,49,42,50,41,51,40,52,39,53,38,54,37,55,36,56,35,57,34,58,33,59,32,60,31 0.12560961722681757
0.8666666666666667,0.13333333333333333 0.13253871743124554,0.49998663116660597,0.5001213363049588,0.5001171061452034,0.5000731217222035,0.4998243332069826,0.4999821299140301,0.49999230779200354,0.499998111877394,0.5002240994157354 0.0677799644946592,0.4436175034174628 91,92,90,93,89,94,88,87,95,96,86,85,97,98,84,99,83,100,82,81,101,102,80,103,79,78,104,77,76,75 0.05913743381841247
0.6285714285714286,0.37142857142857144 0.37181644082676,0.4999347306574583,0.499978780271644,0.5001394608783196,0.49992198027695456,0.4998569618070736,0.5000391742010788,0.5000895691582206,0.5000370756409168,0.5001739745784342 0.1892825534402517,0.31979271235318285 66,65,67,64,68,63,69,62,70,61,71,60,72,59,73,58,74,57,75,56,76,55,77,54,78,53,79,52,80,51 0.11896381455516493
0.9904761904761905,0.009523809523809525 0.008275108198683337,0.5000420292911972,0.5000448181303894,0.5001993630078418,0.4999611393443685,0.4997511943726142,0.5000633628945852,0.4999181664104134,0.5000590227815662,0.5001530818691229 0.00425568104454607,0.5100192918462249 104,103,102,101,100,99,98,97,96,95,94,93,92,91,90,89,88,87,86,85,84,83,82,81,80,79,78,77,76,75 0.004856500400636721
0.9619047619047619,0.0380952380952381 0.033406159479873104,0.4999497860270209,0.5000834788664003,0.5000845207239697,0.49996276226558295,0.4998562189045803,0.5000244724519585,0.5001224429293287,0.5000255896204508,0.5002248756073229 0.017051120141129843,0.49336732982774434 101,102,100,103,99,98,104,97,96,95,94,93,92,91,90,89,88,87,86,85,84,83,82,81,80,79,78,77,76,75 0.018791641144700007
0.4857142857142857,0.5142857142857142 0.5142930525193437,0.49999091655671235,0.5000217871776289,0.5001773892438987,0.49999746003005496,0.4998692639280013,0.5000117951611741,0.5000165596733642,0.5000480637257103,0.5001610110782576 0.26109602426201667,0.24658344561026263 51,52,50,53,49,54,48,55,47,56,46,57,45,58,44,59,43,60,42,61,41,62,40,63,39,38,64,65,37,66 0.1268074126593029
0.14285714285714285,0.8571428571428571 0.85770592108948,0.5000471035398164,0.5000628248747321,0.5002187091855084,0.4999421257849315,0.4998502866302258,0.5000107250434822,0.499944040823709,0.5001190331451535,0.5001567432758329 0.43916420703702036,0.07285768326214276 15,16,14,17,13,18,12,19,11,20,10,21,9,22,8,23,7,24,6,5,25,26,4,27,3,2,28,29,1,30 0.06273460966597195
0.9333333333333333,0.06666666666666667 0.06660133325057524,0.500022699825913,0.5000909938581843,0.5001335284866184,0.5000704184742625,0.4997842939559475,0.5000307770552768,0.4999421684500666,0.5000434226613593,0.5001938071093577 0.034102027566158245,0.4779301781234134 98,99,97,100,96,95,101,94,102,103,93,92,104,91,90,89,88,87,86,85,84,83,82,81,80,79,78,77,76,75 0.03185622855626961
0.7047619047619048,0.29523809523809524 0.2953802662653944,0.49991931220609237,0.499982437936317,0.5000958479768459,0.49991971440240257,0.49986897429702615,0.5000373416492352,0.5000682189938483,0.5000103508530584,0.5001611841098623 0.149783044901796,0.3573024378068504 74,75,73,76,72,77,71,78,70,79,69,80,68,81,67,82,66,83,65,64,84,85,63,86,62,61,87,88,60,89 0.10554592199016075
0.0380952380952381,0.9619047619047619 0.9630799538718317,0.5001505002206149,0.499996351986381,0.5002098314120061,0.4999013486120622,0.4998321230074372,0.5000334843768482,0.49996079123378934,0.5001064003850814,0.5001347440832058 0.4945441791608706,0.018958544234704715 4,3,5,2,6,1,7,0,8,9,10,11,12,13,14,15,16,17,18,19,20,21,22,23,24,25,26,27,28,29 0.01883894246802492
0.1619047619047619,0.8380952380952381 0.8381162530754258,0.5000325236795857,0.500105624267619,0.5002151736448597,0.4999750501341722,0.4998597384092307,0.49996957784506935,0.4999242226584127,0.5000648669557093,0.500184263332003 0.4292904004837079,0.082918256618989 17,16,18,15,19,20,14,13,21,12,22,11,23,24,10,9,25,8,26,27,7,6,28,5,29,30,4,3,31,2 0.06950060798899384
0.8952380952380953,0.10476190476190476 0.10525481232119432,0.49996958284308424,0.50004455329425,0.5001638344073336,0.4999841995258979,0.4997990774820188,0.5000552118327206,0.4999680579513143,0.5000154685886355,0.5001740004179704 0.05371824943701537,0.45664558336418143 94,95,93,96,92,91,97,98,90,99,89,100,88,87,101,102,86,103,85,84,104,83,82,81,80,79,78,77,76,75 0.04807098234103891
0.5523809523809524,0.44761904761904764 0.4445750825582464,0.49998460257576877,0.4999689444520102,0.5001078884122898,0.49993463209588224,0.4998708611813213,0.5000166182344656,0.5000058129068244,0.5000040002045751,0.5001787286572572 0.2251876057038713,0.28133562184199135 58,59,57,60,56,55,61,62,54,63,53,52,64,51,65,66,50,67,49,48,68,69,47,70,46,45,71,72,44,73 0.12589235225660228
0.02857142857142857,0.9714285714285714 0.9752226659033143,0.5000524188656996,0.5000931870312391,0.500230640351793,0.4999727836663497,0.4998277960162668,0.49997717366521766,0.4999710414234713,0.5000568252824257,0.5001672442789884 0.49989714695008247,0.012700810857886857 3,2,4,1,5,0,6,7,8,9,10,11,12,13,14,15,16,17,18,19,20,21,22,23,24,25,26,27,28,29 0.01428214878785331
0.4095238095238095,0.5904761904761905 0.5904564958849352,0.5001243637536492,0.5000104047699259,0.5001513043672635,0.5000010855824528,0.4998789958418035,0.5000134387336603,0.5000403033458515,0.5000887670053666,0.5001538952459641 0.30027040133890476,0.20826901423460048 43,42,44,41,45,40,46,39,47,38,48,37,49,36,50,35,51,34,52,33,53,32,54,31,55,30,56,29,57,28 0.12295889394703419
0.5904761904761905,0.4095238095238095 0.40933567341876853,0.5000053564090078,0.5000158961062029,0.5001644532148084,0.49990148710397353,0.4999242846469255,0.5000409069834746,0.500053308288531,0.5000877263017736,0.5001569312470964 0.20788536415461217,0.2999749999772387 62,63,61,60,64,59,65,66,58,67,57,68,56,55,69,70,54,71,53,52,72,73,51,74,50,49,75,76,48,77 0.12281137865246082